Framework Average Time:
egobots\locations,3,4,5,6,7,8,9,10,11,12,13
3,18.78,22.374444444444446,44.94500000000001,70.7911111111111,198.96857142857144,468.76124999999996,1010.2100000000003,1730.2900000000004,0,0,0
4,24.484444444444446,48.89666666666667,123.71777777777778,228.9788888888889,560.49,1382.04875,0,0,0,0,0
5,35.477777777777774,88.00555555555555,309.65000000000003,532.1577777777777,1335.4657142857145,0,0,0,0,0,0
6,36.79222222222222,161.77444444444444,635.2699999999999,1080.0139999999997,0,0,0,0,0,0,0
7,84.6511111111111,383.8722222222222,1297.37,1709.819999999999,0,0,0,0,0,0,0
8,123.31666666666666,639.9377777777777,0,0,0,0,0,0,0,0,0
9,203.91666666666666,1022.8555555555554,0,0,0,0,0,0,0,0,0
10,291.9222222222222,1505.888888888889,0,0,0,0,0,0,0,0,0
11,544.928888888889,1782.25,0,0,0,0,0,0,0,0,0
12,720.9933333333333,0,0,0,0,0,0,0,0,0,0
13,903.0655555555554,0,0,0,0,0,0,0,0,0,0
14,1255.3433333333332,0,0,0,0,0,0,0,0,0,0
15,1544.2511111111114,0,0,0,0,0,0,0,0,0,0
16,1691.38,0,0,0,0,0,0,0,0,0,0
17,0,0,0,0,0,0,0,0,0,0,0
18,0,0,0,0,0,0,0,0,0,0,0
19,0,0,0,0,0,0,0,0,0,0,0
20,0,0,0,0,0,0,0,0,0,0,0

Framework Attempts:
egobots\locations,3,4,5,6,7,8,9,10,11,12,13
3,9,9,8,10,9,9,9,9,9,9,9
4,9,9,9,10,9,9,9,9,9,9,9
5,9,9,9,10,9,9,0,0,0,0,0
6,9,9,10,10,9,0,0,0,0,0,0
7,9,9,10,9,0,0,0,0,0,0,0
8,9,9,10,9,0,0,0,0,0,0,0
9,9,9,10,0,0,0,0,0,0,0,0
10,9,9,10,0,0,0,0,0,0,0,0
11,9,9,0,0,0,0,0,0,0,0,0
12,9,9,0,0,0,0,0,0,0,0,0
13,9,8,0,0,0,0,0,0,0,0,0
14,9,0,0,0,0,0,0,0,0,0,0
15,9,0,0,0,0,0,0,0,0,0,0
16,9,0,0,0,0,0,0,0,0,0,0
17,9,0,0,0,0,0,0,0,0,0,0
18,9,0,0,0,0,0,0,0,0,0,0
19,9,0,0,0,0,0,0,0,0,0,0
20,9,0,0,0,0,0,0,0,0,0,0

Framework Successful Attemptsegobots\locations,3,4,5,6,7,8,9,10,11,12,13
3,9,9,8,9,7,8,8,2,0,0,0
4,9,9,9,9,8,8,0,0,0,0,0
5,9,9,9,9,7,0,0,0,0,0,0
6,9,9,10,10,0,0,0,0,0,0,0
7,9,9,9,1,0,0,0,0,0,0,0
8,9,9,0,0,0,0,0,0,0,0,0
9,9,9,0,0,0,0,0,0,0,0,0
10,9,9,0,0,0,0,0,0,0,0,0
11,9,1,0,0,0,0,0,0,0,0,0
12,9,0,0,0,0,0,0,0,0,0,0
13,9,0,0,0,0,0,0,0,0,0,0
14,9,0,0,0,0,0,0,0,0,0,0
15,9,0,0,0,0,0,0,0,0,0,0
16,1,0,0,0,0,0,0,0,0,0,0
17,0,0,0,0,0,0,0,0,0,0,0
18,0,0,0,0,0,0,0,0,0,0,0
19,0,0,0,0,0,0,0,0,0,0,0
20,0,0,0,0,0,0,0,0,0,0,0

1024.55
True
978.21
12.77
True
11.46
133.79
True
126.07
299.14
True
24.17
474.50
True
404.68
603.76
True
517.62
26.60
True
26.6
11.67
True
9.94
247.97
True
210.69
285.67
True
270.42
86.89
True
77.45
8.90
True
8.01
1357.75
1263.95
True
842.1
1198.31
True
990.96
1533.32
True
1533.32
1267.22
True
877.86
117.52
True
117.52
1014.07
560.87
True
549.86
885.09
True
705.66
101.06
True
94.88
22.33
True
16.82
1.95
True
1.95
552.50
True
551.88
1.12
True
1.12
19.57
True
19.57
758.12
True
696.23
60.62
True
54.78
8.88
True
8.88
101.63
True
84.99
293.30
True
260.18
336.02
True
305.83
1594.91
True
1594.91
1280.46
True
1280.46
181.82
True
160.88
3.55
True
2.73
49.48
True
44.61
82.01
True
82.01
0.89
True
0.68
170.95
True
125.42
19.98
True
19.32
281.55
True
260.8
24.53
True
24.53
3.09
True
2.83
197.54
True
176.68
421.08
True
421.08
431.59
True
375.84
454.87
True
282.73
387.94
True
341.62
723.25
True
491.8
239.65
True
197.64
512.39
True
512.39
202.84
True
122.67
304.23
True
225.26
574.15
True
499.58
1668.07
True
1514.3
1533.79
18.98
True
16.63
24.44
True
16.44
1459.65
36.52
True
26.84
39.14
True
33.63
Single Agent Average Time:
egobots\locations,3,4,5,6,7,8,9,10,11,12,13
3,9.027777777777779,340.7155555555556,1390.6666666666667,1459.65,0,0,0,0,0,0,0
4,19.448888888888888,706.9285714285714,0,0,0,0,0,0,0,0,0
5,168.92222222222222,1014.26,0,0,0,0,0,0,0,0,0
6,299.21666666666664,0,0,0,0,0,0,0,0,0,0
7,1002.5150000000001,0,0,0,0,0,0,0,0,0,0
8,421.08,0,0,0,0,0,0,0,0,0,0
9,0,0,0,0,0,0,0,0,0,0,0
10,0,0,0,0,0,0,0,0,0,0,0
11,0,0,0,0,0,0,0,0,0,0,0
12,0,0,0,0,0,0,0,0,0,0,0
13,0,0,0,0,0,0,0,0,0,0,0
14,0,0,0,0,0,0,0,0,0,0,0
15,0,0,0,0,0,0,0,0,0,0,0
16,0,0,0,0,0,0,0,0,0,0,0
17,0,0,0,0,0,0,0,0,0,0,0
18,0,0,0,0,0,0,0,0,0,0,0
19,0,0,0,0,0,0,0,0,0,0,0
20,0,0,0,0,0,0,0,0,0,0,0

Single Agent Attempts:
egobots\locations,3,4,5,6,7,8,9,10,11,12,13
3,10,10,9,11,10,10,10,10,10,10,10
4,10,10,10,11,10,10,10,10,10,10,10
5,10,10,10,11,10,10,0,0,0,0,0
6,10,10,11,11,10,0,0,0,0,0,0
7,10,10,11,10,0,0,0,0,0,0,0
8,10,10,11,10,0,0,0,0,0,0,0
9,10,10,11,0,0,0,0,0,0,0,0
10,10,10,11,0,0,0,0,0,0,0,0
11,10,10,0,0,0,0,0,0,0,0,0
12,10,10,0,0,0,0,0,0,0,0,0
13,10,9,0,0,0,0,0,0,0,0,0
14,10,0,0,0,0,0,0,0,0,0,0
15,10,0,0,0,0,0,0,0,0,0,0
16,10,0,0,0,0,0,0,0,0,0,0
17,10,0,0,0,0,0,0,0,0,0,0
18,10,0,0,0,0,0,0,0,0,0,0
19,10,0,0,0,0,0,0,0,0,0,0
20,10,0,0,0,0,0,0,0,0,0,0

Single Agent Successful Attempts:
egobots\locations,3,4,5,6,7,8,9,10,11,12,13
3,9,9,3,1,0,0,0,0,0,0,0
4,9,7,0,0,0,0,0,0,0,0,0
5,9,4,0,0,0,0,0,0,0,0,0
6,9,0,0,0,0,0,0,0,0,0,0
7,2,0,0,0,0,0,0,0,0,0,0
8,1,0,0,0,0,0,0,0,0,0,0
9,0,0,0,0,0,0,0,0,0,0,0
10,0,0,0,0,0,0,0,0,0,0,0
11,0,0,0,0,0,0,0,0,0,0,0
12,0,0,0,0,0,0,0,0,0,0,0
13,0,0,0,0,0,0,0,0,0,0,0
14,0,0,0,0,0,0,0,0,0,0,0
15,0,0,0,0,0,0,0,0,0,0,0
16,0,0,0,0,0,0,0,0,0,0,0
17,0,0,0,0,0,0,0,0,0,0,0
18,0,0,0,0,0,0,0,0,0,0,0
19,0,0,0,0,0,0,0,0,0,0,0
20,0,0,0,0,0,0,0,0,0,0,0

Maximum Locations Per Egobot by Egobots in 30 Minutes:
egobots,framework max location,single agent max location
3,10,6
4,8,4
5,7,4
6,6,3
7,6,3
8,4,3
9,4,N/A
10,4,N/A
11,4,N/A
12,3,N/A
13,3,N/A
14,3,N/A
15,3,N/A
16,3,N/A
17,N/A,N/A
18,N/A,N/A
19,N/A,N/A
20,N/A,N/A

